11 0.6936220703125 0.2571064453125 0.67784765625 0.2691767578125 0.6416591796875 0.2872822265625 0.6908388671875 0.3397421875 0.6950146484375 0.344384765625 0.7029013671875 0.3573837890625 0.712890625 0.3623046875 0.7275390625 0.376953125 0.74609375 0.3828125 0.8251953125 0.490234375 0.8349609375 0.5126953125 0.8515625 0.5185546875 0.865234375 0.546875 0.9111328125 0.59765625 0.9248046875 0.607421875 0.98046875 0.681640625 0.994140625 0.693359375 0.9990234375 0.6923828125 0.9990234375 0.654296875 0.98046875 0.6357421875 0.9716796875 0.619140625 0.9345703125 0.57421875 0.9345703125 0.560546875 0.916015625 0.54296875 0.91015625 0.5322265625 0.8984375 0.5302734375 0.8916015625 0.5166015625 0.822265625 0.4306640625 0.81640625 0.4189453125 0.796875 0.3994140625 0.7509765625 0.3271484375 0.73046875 0.3056640625 0.7314453125 0.3017578125 0.6987255859375 0.2566416015625 0.685271484375 0.2575703125 0.6843427734375 0.2612841796875 0.6936220703125 0.2571064453125
6 0.4765625 0.49609375 0.490234375 0.5 0.5048828125 0.4951171875 0.5087890625 0.4775390625 0.494140625 0.435546875 0.4814453125 0.4111328125 0.47265625 0.408203125 0.4501953125 0.4208984375 0.4521484375 0.435546875 0.4765625 0.49609375
6 0.41015625 0.201171875 0.474609375 0.20703125 0.482421875 0.2060546875 0.48828125 0.2001953125 0.48828125 0.1728515625 0.484375 0.1669921875 0.4697265625 0.1611328125 0.4140625 0.1572265625 0.4033203125 0.1767578125 0.4033203125 0.1962890625 0.41015625 0.201171875
6 0.388671875 0.130859375 0.4287109375 0.142578125 0.4443359375 0.1513671875 0.4599609375 0.1513671875 0.470703125 0.1416015625 0.470703125 0.1181640625 0.458984375 0.109375 0.3984375 0.1015625 0.38671875 0.1064453125 0.384765625 0.126953125 0.388671875 0.130859375
6 0.357421875 0.05859375 0.4072265625 0.0693359375 0.4189453125 0.0673828125 0.4248046875 0.060546875 0.4228515625 0.03515625 0.4033203125 0.0244140625 0.375 0.0185546875 0.3671875 0.0283203125 0.3515625 0.0224609375 0.3447265625 0.0341796875 0.34375 0.0517578125 0.357421875 0.05859375
6 0.0185546875 0.2236328125 0.0244140625 0.212890625 0.0234375 0.203125 0.015625 0.1923828125 0.001953125 0.1943359375 0 0.23046875 0.0185546875 0.2236328125
6 0 0.2802734375 0.0478515625 0.26171875 0.044921875 0.2392578125 0.041015625 0.2353515625 0.021484375 0.234375 0 0.24609375 0 0.2802734375
6 0 0.3740234375 0.0029296875 0.375 0.015625 0.3740234375 0.0615234375 0.3583984375 0.0712890625 0.3515625 0.0751953125 0.341796875 0.07421875 0.3271484375 0.064453125 0.322265625 0.03515625 0.32421875 0.0166015625 0.333984375 0.00390625 0.3330078125 0 0.3359375 0 0.3740234375
6 0.0107421875 0.423828125 0.0185546875 0.423828125 0.078125 0.4052734375 0.0830078125 0.3984375 0.083984375 0.384765625 0.07421875 0.369140625 0.06640625 0.369140625 0.015625 0.37890625 0.0029296875 0.3935546875 0.0048828125 0.4189453125 0.0107421875 0.423828125
6 0.02734375 0.490234375 0.0322265625 0.49609375 0.0390625 0.4970703125 0.1015625 0.48046875 0.1083984375 0.4755859375 0.111328125 0.466796875 0.10546875 0.44921875 0.0888671875 0.447265625 0.0283203125 0.4677734375 0.025390625 0.47265625 0.02734375 0.490234375
6 0.046875 0.5537109375 0.056640625 0.556640625 0.1201171875 0.5341796875 0.126953125 0.525390625 0.1259765625 0.5107421875 0.1220703125 0.50390625 0.107421875 0.501953125 0.078125 0.5166015625 0.0576171875 0.5205078125 0.04296875 0.5322265625 0.04296875 0.5458984375 0.046875 0.5537109375