6 0.4463671875 0.4766503906249999 0.08219726562499996 0.10791015624999994
6 0.455732421875 0.568232421875 0.07649414062500004 0.08586914062500006
6 0.489091796875 0.61015625 0.08463867187499996 0.09479492187499994
6 0.517578125 0.6712109375 0.0830078125 0.08987304687499997
6 0.531005859375 0.742021484375 0.09521484375 0.1240234375
6 0.5594921875 0.7925 0.08381835937499993 0.1011914062499999
6 0.591630859375 0.8515234375 0.05534179687500007 0.10523437499999999
6 0.60017578125 0.932109375 0.07731445312500007 0.10029296875000004
6 0.6337890625 0.9736328125 0.07421875 0.052734375
6 0.616044921875 0.664287109375 0.05208007812499993 0.13139648437499996
6 0.652666015625 0.770927734375 0.06022460937500007 0.09062499999999996
6 0.689697265625 0.871875 0.07080078125 0.10358398437499994
6 0.72265625 0.34681640625 0.0830078125 0.05996093749999998
6 0.728349609375 0.39931640625 0.09440429687500007 0.06724609375000001
6 0.755615234375 0.439609375 0.10498046875 0.07943359375000003
6 0.75439453125 0.4978125 0.09765625 0.07533203125000004
6 0.7763671875 0.5413671875 0.0927734375 0.06146484375000005
6 0.787763671875 0.5918359375 0.08625976562499993 0.08748046874999993
6 0.815576171875 0.641630859375 0.08782226562500006 0.06684570312500004
6 0.91705078125 0.609375 0.094970703125 0.06351562499999996
6 0.89111328125 0.56068359375 0.08818359374999996 0.0615234375
6 0.884970703125 0.5093359375 0.0945996093749999 0.06743164062499996
6 0.88451171875 0.45642578125 0.09258789062499995 0.059941406249999996
6 0.87580078125 0.403193359375 0.10596679687499999 0.07180664062499997
6 0.8600390625 0.344697265625 0.0843359374999999 0.06337890624999998
6 0.833818359375 0.299033203125 0.08910156250000001 0.06524414062500006
6 0.991435546875 0.36251953125 0.017128906249999964 0.03606445312499995
6 0.98263671875 0.271376953125 0.03472656249999995 0.040771484375
6 0.964853515625 0.224638671875 0.07029296875000002 0.057314453125
6 0.957216796875 0.17044921875 0.0836132812499999 0.06002929687499997
6 0.91173828125 0.078583984375 0.07663085937500003 0.11490234375000001
6 0.9653125 0.06091796875 0.06937499999999996 0.097275390625
6 0.50115234375 0.066005859375 0.06985351562499997 0.10265625
6 0.446611328125 0.10470703125 0.08066406250000002 0.10886718750000002
6 0.40544921875 0.1259765625 0.05372070312499999 0.088310546875
6 0.358974609375 0.141962890625 0.07333984375000002 0.099853515625
6 0.270546875 0.33509765625 0.06669921874999998 0.09718749999999998