11 0.0927734375 0.6494140625 0.185546875 0.69921875
6 0.02099609375 0.02978515625 0.0419921875 0.0517578125
6 0.033203125 0.1689453125 0.06640625 0.04296875
6 0.158203125 0.19970703125 0.08203125 0.0693359375
6 0.2333984375 0.17578125 0.09765625 0.052734375
6 0.142578125 0.1181640625 0.07421875 0.05078125
6 0.0927734375 0.22021484375 0.078125 0.0771484375
6 0.03369140625 0.2392578125 0.0673828125 0.080078125
6 0.22607421875 0.44384765625 0.0673828125 0.1025390625
6 0.32421875 0.3916015625 0.052734375 0.08984375
6 0.255859375 0.3837890625 0.05078125 0.07421875
6 0.3720703125 0.35400390625 0.052734375 0.0947265625
6 0.4560546875 0.40673828125 0.048828125 0.0908203125