0 0.54296875 0.9990234375 0.552734375 0.9912109375 0.572265625 0.984375 0.609375 0.974609375 0.63671875 0.9736328125 0.6982421875 0.9541015625 0.705078125 0.95703125 0.7060546875 0.96484375 0.6943359375 0.9990234375 0.7451171875 0.9990234375 0.7724609375 0.9765625 0.7724609375 0.9697265625 0.7587890625 0.94921875 0.7587890625 0.9423828125 0.79296875 0.9375 0.796875 0.931640625 0.7490234375 0.9306640625 0.744140625 0.9267578125 0.6953125 0.8564453125 0.6923828125 0.8349609375 0.68359375 0.8369140625 0.673828125 0.8330078125 0.6611328125 0.818359375 0.6396484375 0.8291015625 0.6357421875 0.85546875 0.640625 0.8662109375 0.619140625 0.890625 0.65234375 0.9560546875 0.599609375 0.96875 0.541015625 0.9765625 0.537109375 0.9833984375 0.5361328125 0.9990234375 0.54296875 0.9990234375
4 0.3251953125 0.9990234375 0.337890625 0.9912109375 0.35546875 0.990234375 0.3818359375 0.9736328125 0.3798828125 0.970703125 0.359375 0.970703125 0.3359375 0.9814453125 0.296875 0.9921875 0.2919921875 0.9921875 0.2783203125 0.9775390625 0.271484375 0.9765625 0.2099609375 0.9970703125 0.2080078125 0.9990234375 0.3251953125 0.9990234375
6 0.322265625 0.09375 0.37109375 0.1162109375 0.392578125 0.1162109375 0.4013671875 0.099609375 0.396484375 0.087890625 0.337890625 0.0556640625 0.3251953125 0.056640625 0.3154296875 0.0693359375 0.3134765625 0.0830078125 0.322265625 0.09375
6 0.4609375 0.1015625 0.541015625 0.076171875 0.5361328125 0.056640625 0.5302734375 0.048828125 0.4794921875 0.0634765625 0.462890625 0.064453125 0.451171875 0.0712890625 0.451171875 0.0849609375 0.4609375 0.1015625
6 0.59375 0.068359375 0.6494140625 0.0478515625 0.6552734375 0.033203125 0.6474609375 0.017578125 0.6318359375 0.017578125 0.6005859375 0.0322265625 0.5869140625 0.0341796875 0.5791015625 0.0419921875 0.5830078125 0.0615234375 0.59375 0.068359375
6 0.5986328125 0.1171875 0.61328125 0.115234375 0.66796875 0.091796875 0.67578125 0.0810546875 0.67578125 0.0732421875 0.6708984375 0.0634765625 0.646484375 0.060546875 0.640625 0.0673828125 0.625 0.07421875 0.611328125 0.07421875 0.6015625 0.0791015625 0.5908203125 0.09375 0.5908203125 0.1025390625 0.5986328125 0.1171875
6 0.546875 0.228515625 0.55859375 0.2333984375 0.57421875 0.2265625 0.578125 0.212890625 0.5712890625 0.177734375 0.55859375 0.1591796875 0.5576171875 0.1494140625 0.5517578125 0.142578125 0.5380859375 0.1396484375 0.525390625 0.14453125 0.5205078125 0.1533203125 0.5224609375 0.171875 0.546875 0.228515625
6 0.658203125 0.2783203125 0.716796875 0.251953125 0.724609375 0.2421875 0.7236328125 0.2275390625 0.712890625 0.2216796875 0.6923828125 0.224609375 0.654296875 0.240234375 0.6455078125 0.2529296875 0.6474609375 0.2685546875 0.658203125 0.2783203125
6 0.81640625 0.1337890625 0.8310546875 0.13671875 0.8408203125 0.1337890625 0.8466796875 0.12890625 0.84765625 0.1181640625 0.8291015625 0.060546875 0.8232421875 0.0546875 0.8134765625 0.0537109375 0.796875 0.0625 0.7998046875 0.0908203125 0.81640625 0.1337890625
6 0.884765625 0.115234375 0.8955078125 0.1171875 0.9111328125 0.109375 0.9140625 0.1025390625 0.9111328125 0.08984375 0.884765625 0.03125 0.8720703125 0.0283203125 0.85546875 0.041015625 0.85546875 0.05078125 0.884765625 0.115234375
6 0.9072265625 0.0615234375 0.9296875 0.109375 0.9365234375 0.1142578125 0.958984375 0.1064453125 0.9599609375 0.087890625 0.935546875 0.029296875 0.9189453125 0.0244140625 0.904296875 0.033203125 0.90234375 0.0458984375 0.9072265625 0.0615234375
6 0.97265625 0.09375 0.9853515625 0.0986328125 0.9990234375 0.091796875 0.9990234375 0.0625 0.9833984375 0.01953125 0.9697265625 0.013671875 0.9599609375 0.0166015625 0.9521484375 0.025390625 0.955078125 0.0537109375 0.97265625 0.09375
6 0.935546875 0.2021484375 0.9990234375 0.181640625 0.9990234375 0.1455078125 0.94921875 0.1611328125 0.9248046875 0.173828125 0.9267578125 0.193359375 0.935546875 0.2021484375
6 0.9501953125 0.2451171875 0.9912109375 0.2373046875 0.9990234375 0.234375 0.9990234375 0.201171875 0.9462890625 0.220703125 0.9453125 0.232421875 0.9501953125 0.2451171875
6 0.97265625 0.296875 0.9990234375 0.2919921875 0.9990234375 0.255859375 0.970703125 0.2646484375 0.9658203125 0.271484375 0.9658203125 0.2822265625 0.97265625 0.296875
6 0.951171875 0.375 0.9599609375 0.3779296875 0.9755859375 0.3720703125 0.9794921875 0.3662109375 0.98046875 0.3515625 0.9580078125 0.2998046875 0.94140625 0.29296875 0.9267578125 0.3037109375 0.9267578125 0.3193359375 0.951171875 0.375
6 0.9833984375 0.3408203125 0.990234375 0.34765625 0.9990234375 0.3466796875 0.9990234375 0.3037109375 0.9892578125 0.3076171875 0.9814453125 0.3173828125 0.9794921875 0.3291015625 0.9833984375 0.3408203125
6 0.7294921875 0.3740234375 0.765625 0.373046875 0.8115234375 0.357421875 0.8173828125 0.349609375 0.8193359375 0.3359375 0.810546875 0.3193359375 0.7841796875 0.3203125 0.734375 0.3359375 0.7236328125 0.3486328125 0.7236328125 0.361328125 0.7294921875 0.3740234375
6 0.6357421875 0.4013671875 0.6484375 0.4072265625 0.708984375 0.3857421875 0.71484375 0.37890625 0.7158203125 0.365234375 0.7099609375 0.353515625 0.69140625 0.3505859375 0.6484375 0.3671875 0.6318359375 0.3779296875 0.630859375 0.388671875 0.6357421875 0.4013671875
6 0.716796875 0.443359375 0.787109375 0.4150390625 0.7939453125 0.40625 0.783203125 0.3828125 0.7802734375 0.3828125 0.716796875 0.40234375 0.703125 0.4130859375 0.705078125 0.4326171875 0.716796875 0.443359375
6 0.7021484375 0.5283203125 0.7099609375 0.5302734375 0.765625 0.505859375 0.771484375 0.5 0.7734375 0.490234375 0.7685546875 0.478515625 0.76171875 0.4736328125 0.7470703125 0.4736328125 0.70703125 0.4912109375 0.6943359375 0.5048828125 0.6943359375 0.5205078125 0.7021484375 0.5283203125
6 0.7236328125 0.576171875 0.7314453125 0.578125 0.755859375 0.572265625 0.798828125 0.5546875 0.8056640625 0.537109375 0.796875 0.51953125 0.78515625 0.517578125 0.7333984375 0.5361328125 0.716796875 0.5498046875 0.7177734375 0.5673828125 0.7236328125 0.576171875
6 0.8115234375 0.4892578125 0.82421875 0.4912109375 0.8828125 0.4716796875 0.892578125 0.4638671875 0.896484375 0.451171875 0.8837890625 0.43359375 0.8681640625 0.4345703125 0.8154296875 0.45703125 0.80859375 0.4638671875 0.806640625 0.4765625 0.8115234375 0.4892578125
6 0.8388671875 0.5341796875 0.900390625 0.51171875 0.912109375 0.498046875 0.912109375 0.490234375 0.9072265625 0.48046875 0.8974609375 0.4755859375 0.890625 0.4765625 0.87451171875 0.4853515625 0.8388671875 0.494140625 0.8271484375 0.509765625 0.8291015625 0.525390625 0.8388671875 0.5341796875
6 0.84765625 0.58984375 0.8544921875 0.5908203125 0.9130859375 0.5673828125 0.919921875 0.5595703125 0.9208984375 0.5498046875 0.9111328125 0.533203125 0.896484375 0.5322265625 0.8447265625 0.5576171875 0.8388671875 0.5654296875 0.8408203125 0.58203125 0.84765625 0.58984375
6 0.7421875 0.6337890625 0.7490234375 0.634765625 0.818359375 0.6025390625 0.8193359375 0.5986328125 0.8095703125 0.57421875 0.8037109375 0.5732421875 0.75390625 0.5927734375 0.7314453125 0.60546875 0.734375 0.6259765625 0.7421875 0.6337890625
6 0.7861328125 0.658203125 0.79296875 0.669921875 0.80078125 0.669921875 0.8388671875 0.6611328125 0.86328125 0.650390625 0.8720703125 0.6435546875 0.875 0.6298828125 0.869140625 0.615234375 0.8583984375 0.6123046875 0.8408203125 0.6162109375 0.8349609375 0.62109375 0.830078125 0.619140625 0.8173828125 0.623046875 0.791015625 0.6357421875 0.78515625 0.6435546875 0.7861328125 0.658203125
6 0.9072265625 0.6337890625 0.9501953125 0.6240234375 0.9736328125 0.6103515625 0.9794921875 0.6015625 0.9716796875 0.5849609375 0.9599609375 0.58203125 0.9296875 0.58984375 0.8935546875 0.607421875 0.900390625 0.6318359375 0.9072265625 0.6337890625