6 0.615234375 0.6591796875 0.62109375 0.685546875 0.634765625 0.71875 0.642578125 0.7275390625 0.658203125 0.7255859375 0.66796875 0.716796875 0.6640625 0.6875 0.6572265625 0.6796875 0.64453125 0.64453125 0.6416015625 0.6416015625 0.6220703125 0.64453125 0.615234375 0.6513671875 0.615234375 0.6591796875
6 0.6640625 0.7978515625 0.6728515625 0.818359375 0.68359375 0.8203125 0.6923828125 0.8173828125 0.7001953125 0.810546875 0.7021484375 0.80078125 0.69921875 0.78515625 0.6826171875 0.7470703125 0.6748046875 0.740234375 0.6640625 0.73828125 0.654296875 0.7451171875 0.6533203125 0.7548828125 0.6640625 0.7978515625
6 0.57421875 0.7470703125 0.5869140625 0.8134765625 0.6162109375 0.8115234375 0.6171875 0.7939453125 0.607421875 0.7314453125 0.6025390625 0.7255859375 0.5791015625 0.728515625 0.57421875 0.7333984375 0.57421875 0.7470703125
6 0.7041015625 0.9228515625 0.712890625 0.9287109375 0.7275390625 0.9267578125 0.734375 0.9189453125 0.7373046875 0.9072265625 0.73046875 0.896484375 0.728515625 0.880859375 0.71875 0.8681640625 0.716796875 0.8525390625 0.7060546875 0.8427734375 0.6884765625 0.8447265625 0.68359375 0.8515625 0.6845703125 0.8681640625 0.7041015625 0.9228515625
6 0.642578125 0.939453125 0.650390625 0.9453125 0.6708984375 0.939453125 0.67578125 0.9326171875 0.6767578125 0.9208984375 0.6611328125 0.8662109375 0.6474609375 0.8505859375 0.6337890625 0.85546875 0.6259765625 0.86328125 0.623046875 0.8759765625 0.642578125 0.939453125
6 0.6572265625 0.9990234375 0.6923828125 0.9990234375 0.67578125 0.9599609375 0.6513671875 0.96484375 0.6494140625 0.9755859375 0.6572265625 0.9990234375
6 0.732421875 0.9990234375 0.765625 0.9990234375 0.763671875 0.9833984375 0.7451171875 0.9404296875 0.732421875 0.939453125 0.7197265625 0.9453125 0.7197265625 0.9638671875 0.732421875 0.9990234375
6 0.8125 0.8447265625 0.822265625 0.8486328125 0.8427734375 0.8447265625 0.890625 0.82421875 0.8955078125 0.8115234375 0.88671875 0.7958984375 0.8759765625 0.794921875 0.8466796875 0.806640625 0.8310546875 0.8076171875 0.8095703125 0.8212890625 0.80859375 0.8349609375 0.8125 0.8447265625
6 0.7958984375 0.7958984375 0.806640625 0.802734375 0.8720703125 0.7783203125 0.8740234375 0.7685546875 0.8671875 0.7509765625 0.859375 0.748046875 0.8134765625 0.7607421875 0.7939453125 0.7744140625 0.7919921875 0.78515625 0.7958984375 0.7958984375
6 0.7822265625 0.751953125 0.7939453125 0.75390625 0.8525390625 0.724609375 0.859375 0.716796875 0.859375 0.7021484375 0.8515625 0.6953125 0.833984375 0.689453125 0.787109375 0.712890625 0.7744140625 0.728515625 0.775390625 0.744140625 0.7822265625 0.751953125
6 0.779296875 0.7060546875 0.7919921875 0.7041015625 0.833984375 0.685546875 0.8134765625 0.66015625 0.77734375 0.6708984375 0.7705078125 0.677734375 0.7685546875 0.69140625 0.779296875 0.7060546875
6 0.7685546875 0.6650390625 0.8125 0.6494140625 0.8154296875 0.6396484375 0.8076171875 0.6298828125 0.806640625 0.6201171875 0.80078125 0.619140625 0.7607421875 0.630859375 0.74609375 0.64453125 0.75 0.6611328125 0.7685546875 0.6650390625
6 0.744140625 0.6201171875 0.77734375 0.6123046875 0.8017578125 0.6015625 0.7978515625 0.5947265625 0.7822265625 0.5986328125 0.7734375 0.57421875 0.748046875 0.5810546875 0.736328125 0.59375 0.7373046875 0.609375 0.744140625 0.6201171875
6 0.4482421875 0.810546875 0.4609375 0.8134765625 0.4775390625 0.8115234375 0.494140625 0.802734375 0.5185546875 0.7978515625 0.5244140625 0.79296875 0.525390625 0.783203125 0.5205078125 0.76953125 0.5087890625 0.7646484375 0.453125 0.775390625 0.4423828125 0.7880859375 0.44140625 0.7998046875 0.4482421875 0.810546875
6 0.458984375 0.8623046875 0.4736328125 0.86328125 0.5185546875 0.8564453125 0.5244140625 0.8525390625 0.5263671875 0.84375 0.5185546875 0.8232421875 0.4755859375 0.8251953125 0.458984375 0.8310546875 0.4521484375 0.8408203125 0.453125 0.857421875 0.458984375 0.8623046875
6 0.470703125 0.904296875 0.4765625 0.9091796875 0.490234375 0.9091796875 0.546875 0.8955078125 0.556640625 0.884765625 0.5595703125 0.8701171875 0.552734375 0.86328125 0.5361328125 0.8583984375 0.4736328125 0.8798828125 0.46875 0.884765625 0.470703125 0.904296875
6 0.5009765625 0.9619140625 0.509765625 0.962890625 0.5703125 0.94140625 0.5771484375 0.9306640625 0.5771484375 0.923828125 0.5703125 0.9091796875 0.5595703125 0.904296875 0.5234375 0.9140625 0.5009765625 0.9267578125 0.494140625 0.9345703125 0.49609375 0.95703125 0.5009765625 0.9619140625
6 0.5869140625 0.9990234375 0.5859375 0.9814453125 0.58203125 0.978515625 0.5322265625 0.9765625 0.5078125 0.982421875 0.5029296875 0.990234375 0.5029296875 0.9990234375 0.5869140625 0.9990234375