3 0.56494140625 0.58837890625 0.0810546875 0.1220703125
3 0.48291015625 0.6337890625 0.0751953125 0.1171875
3 0.526962890625 0.61041015625 0.08838867187499999 0.10883789062500004
3 0.7451171875 0.53515625 0.08984375 0.126953125
3 0.79005859375 0.51458984375 0.09714843750000002 0.14339843749999998
3 0.836083984375 0.498662109375 0.09735351562500005 0.14583007812499998
3 0.881591796875 0.48171875 0.1026562499999999 0.1511328125
3 0.926904296875 0.465078125 0.09694335937499998 0.13376953125000002
3 0.962275390625 0.45051757812500004 0.075439453125 0.13648437500000005
3 0.650966796875 0.579794921875 0.10673828124999996 0.13910156250000005
3 0.7069921875 0.561220703125 0.11225585937500004 0.14358398437499997
3 0.40185546875 0.181640625 0.0537109375 0.056640625