6 0.9389453125 0.050966796875 0.0670214843750001 0.101923828125
6 0.8869921875 0.0414453125 0.0511621093750001 0.082890625
6 0.8193359375 0.04541015625 0.078125 0.0908203125
6 0.764443359375 0.07498046875 0.07496093749999999 0.12527343750000003
6 0.702568359375 0.10455078125 0.06186523437499991 0.08854492187500002
6 0.74837890625 0.17732421875 0.08209960937499994 0.068115234375
6 0.386484375 0.083408203125 0.10073242187499998 0.06083007812499999
6 0.54453125 0.03453125 0.0908203125 0.05983398437500001
6 0.570703125 0.08541015625 0.0908203125 0.06158203125
6 0.545419921875 0.155693359375 0.09260742187499998 0.06379882812499998
6 0.563955078125 0.196357421875 0.09280273437499997 0.06337890624999998
6 0.5930078125 0.24294921875 0.09498046874999999 0.06657226562500002
6 0.0146484375 0.2412109375 0.009765625 0.216796875 0.0009765625 0.2080078125 0 0.25 0.0146484375 0.2412109375
6 0 0.306640625 0.0244140625 0.298828125 0.0322265625 0.2900390625 0.0263671875 0.2666015625 0.0185546875 0.2578125 0.0068359375 0.2548828125 0 0.2607421875 0 0.306640625
6 0 0.36328125 0.025390625 0.3505859375 0.0361328125 0.349609375 0.0458984375 0.3408203125 0.04296875 0.328125 0.0341796875 0.318359375 0.0224609375 0.3193359375 0 0.326171875 0 0.36328125
6 0 0.408203125 0.00390625 0.412109375 0.009765625 0.4130859375 0.0556640625 0.3955078125 0.07421875 0.3876953125 0.0810546875 0.380859375 0.08203125 0.37109375 0.07421875 0.3544921875 0.068359375 0.3505859375 0.052734375 0.3544921875 0 0.3798828125 0 0.408203125
6 0.009765625 0.44921875 0.015625 0.4580078125 0.0234375 0.4599609375 0.083984375 0.4365234375 0.08984375 0.4208984375 0.08203125 0.404296875 0.0703125 0.4033203125 0.0087890625 0.4296875 0.0068359375 0.4423828125 0.009765625 0.44921875
6 0.0205078125 0.50390625 0.0283203125 0.509765625 0.0390625 0.509765625 0.0869140625 0.4853515625 0.0966796875 0.4775390625 0.0986328125 0.46875 0.091796875 0.455078125 0.0810546875 0.4521484375 0.0546875 0.46484375 0.0390625 0.4677734375 0.015625 0.482421875 0.0146484375 0.4892578125 0.0205078125 0.50390625
6 0.0517578125 0.55859375 0.060546875 0.5595703125 0.1171875 0.5390625 0.123046875 0.5341796875 0.125 0.5244140625 0.119140625 0.509765625 0.111328125 0.5048828125 0.04296875 0.53125 0.04296875 0.548828125 0.0517578125 0.55859375
6 0.685546875 0.75 0.6904296875 0.7607421875 0.6982421875 0.763671875 0.767578125 0.7412109375 0.7734375 0.7373046875 0.775390625 0.7294921875 0.7666015625 0.708984375 0.755859375 0.70703125 0.685546875 0.7314453125 0.6826171875 0.734375 0.685546875 0.75
6 0.796875 0.7216796875 0.802734375 0.73046875 0.8076171875 0.7314453125 0.8720703125 0.70703125 0.8779296875 0.7001953125 0.8779296875 0.6923828125 0.8681640625 0.6767578125 0.857421875 0.67578125 0.796875 0.7021484375 0.7939453125 0.705078125 0.796875 0.7216796875
6 0.9267578125 0.6142578125 0.9345703125 0.6162109375 0.94921875 0.6123046875 0.955078125 0.6064453125 0.9990234375 0.5888671875 0.9990234375 0.5556640625 0.98046875 0.560546875 0.98046875 0.5673828125 0.966796875 0.56640625 0.919921875 0.5859375 0.91796875 0.59765625 0.9267578125 0.6142578125
6 0.76953125 0.56640625 0.7734375 0.5712890625 0.78125 0.572265625 0.8388671875 0.5439453125 0.84375 0.53515625 0.8349609375 0.515625 0.826171875 0.5126953125 0.763671875 0.5458984375 0.7626953125 0.5517578125 0.76953125 0.56640625
6 0.66796875 0.615234375 0.7333984375 0.591796875 0.73828125 0.5869140625 0.7392578125 0.576171875 0.73046875 0.5625 0.71875 0.5615234375 0.65625 0.5908203125 0.6572265625 0.6025390625 0.66796875 0.615234375
6 0.5478515625 0.6513671875 0.5537109375 0.658203125 0.55859375 0.658203125 0.6240234375 0.6337890625 0.630859375 0.6298828125 0.6328125 0.619140625 0.6279296875 0.6064453125 0.6181640625 0.6015625 0.5458984375 0.630859375 0.5439453125 0.6376953125 0.5478515625 0.6513671875
6 0.8828125 0.5263671875 0.8896484375 0.5263671875 0.9443359375 0.5048828125 0.9482421875 0.4931640625 0.9423828125 0.48046875 0.9248046875 0.4775390625 0.876953125 0.5009765625 0.8759765625 0.517578125 0.8828125 0.5263671875
6 0.373046875 0.0283203125 0.384765625 0.0302734375 0.3955078125 0.0244140625 0.3994140625 0.015625 0.3984375 0 0.322265625 0.0009765625 0.373046875 0.0283203125
5 0.6923828125 0.2578125 0.703125 0.2548828125 0.7041015625 0.2470703125 0.6982421875 0.2392578125 0.6904296875 0.236328125 0.685546875 0.240234375 0.6845703125 0.2451171875 0.6923828125 0.2578125
5 0.7783203125 0.2412109375 0.7802734375 0.232421875 0.7763671875 0.2255859375 0.7724609375 0.22265625 0.7646484375 0.2255859375 0.7646484375 0.2373046875 0.7783203125 0.2412109375