5 0.150390625 0.548828125 0.154296875 0.5439453125 0.1533203125 0.5322265625 0.150390625 0.5283203125 0.140625 0.5322265625 0.142578125 0.5478515625 0.150390625 0.548828125
5 0.1279296875 0.548828125 0.1318359375 0.544921875 0.1318359375 0.5361328125 0.123046875 0.53515625 0.1220703125 0.544921875 0.1279296875 0.548828125
6 0.5380859375 0.732421875 0.5498046875 0.7373046875 0.56640625 0.7314453125 0.5712890625 0.720703125 0.54296875 0.6357421875 0.53515625 0.6298828125 0.51171875 0.6455078125 0.521484375 0.689453125 0.5380859375 0.732421875
6 0.4892578125 0.748046875 0.4970703125 0.75390625 0.5146484375 0.748046875 0.51953125 0.744140625 0.51953125 0.732421875 0.4912109375 0.658203125 0.4853515625 0.6533203125 0.478515625 0.6533203125 0.4619140625 0.6630859375 0.46484375 0.6845703125 0.4892578125 0.748046875
6 0.4375 0.7626953125 0.4462890625 0.7685546875 0.4541015625 0.7685546875 0.4658203125 0.76171875 0.466796875 0.7451171875 0.4384765625 0.6904296875 0.435546875 0.6875 0.423828125 0.6904296875 0.4140625 0.69921875 0.419921875 0.724609375 0.4375 0.7626953125
6 0.5546875 0.845703125 0.5693359375 0.853515625 0.5791015625 0.8525390625 0.61328125 0.791015625 0.6123046875 0.7734375 0.595703125 0.7666015625 0.5888671875 0.7685546875 0.56640625 0.8056640625 0.560546875 0.8095703125 0.552734375 0.828125 0.55078125 0.8369140625 0.5546875 0.845703125
6 0.595703125 0.69921875 0.6044921875 0.705078125 0.6142578125 0.705078125 0.623046875 0.7001953125 0.6279296875 0.6884765625 0.626953125 0.6806640625 0.5986328125 0.61328125 0.5927734375 0.60546875 0.5869140625 0.60546875 0.568359375 0.6142578125 0.5791015625 0.658203125 0.595703125 0.69921875
6 0.63671875 0.6669921875 0.6435546875 0.671875 0.662109375 0.6650390625 0.6650390625 0.6552734375 0.640625 0.5888671875 0.63671875 0.5849609375 0.615234375 0.59375 0.61328125 0.6015625 0.63671875 0.6669921875
6 0.681640625 0.650390625 0.6884765625 0.65625 0.70703125 0.650390625 0.712890625 0.6435546875 0.7119140625 0.6357421875 0.685546875 0.572265625 0.6806640625 0.5703125 0.6572265625 0.578125 0.6572265625 0.5888671875 0.681640625 0.650390625
6 0.728515625 0.623046875 0.7373046875 0.6298828125 0.7548828125 0.6298828125 0.7607421875 0.6220703125 0.76171875 0.6015625 0.75390625 0.572265625 0.7421875 0.5498046875 0.7373046875 0.546875 0.73046875 0.5498046875 0.7265625 0.5634765625 0.7236328125 0.6025390625 0.728515625 0.623046875
6 0.7490234375 0.7451171875 0.7548828125 0.7451171875 0.8212890625 0.724609375 0.826171875 0.71875 0.8271484375 0.7080078125 0.8212890625 0.6943359375 0.810546875 0.69140625 0.7763671875 0.7060546875 0.7607421875 0.701171875 0.7421875 0.7158203125 0.7451171875 0.7392578125 0.7490234375 0.7451171875
6 0.7802734375 0.7919921875 0.84375 0.76953125 0.8486328125 0.7548828125 0.8447265625 0.7421875 0.8369140625 0.736328125 0.7705078125 0.765625 0.7724609375 0.7822265625 0.7802734375 0.7919921875
6 0.79296875 0.837890625 0.8017578125 0.83984375 0.8505859375 0.82421875 0.8623046875 0.8154296875 0.86328125 0.8056640625 0.8583984375 0.7900390625 0.8486328125 0.7822265625 0.837890625 0.791015625 0.8251953125 0.7939453125 0.7900390625 0.8134765625 0.7890625 0.8310546875 0.79296875 0.837890625
6 0.7333984375 0.8662109375 0.740234375 0.8671875 0.76171875 0.857421875 0.763671875 0.8525390625 0.7548828125 0.8291015625 0.7333984375 0.7822265625 0.728515625 0.77734375 0.71875 0.7763671875 0.703125 0.783203125 0.7021484375 0.7958984375 0.7333984375 0.8662109375
6 0.7685546875 0.962890625 0.77734375 0.9658203125 0.8017578125 0.9560546875 0.7880859375 0.9189453125 0.7890625 0.9111328125 0.7734375 0.880859375 0.7646484375 0.8798828125 0.7431640625 0.8876953125 0.7470703125 0.908203125 0.7685546875 0.962890625
6 0.7138671875 0.9990234375 0.7314453125 0.9990234375 0.7470703125 0.9931640625 0.7490234375 0.984375 0.7236328125 0.900390625 0.7197265625 0.8974609375 0.6904296875 0.908203125 0.69140625 0.9287109375 0.7138671875 0.9990234375
6 0.599609375 0.8486328125 0.6162109375 0.90234375 0.6298828125 0.9228515625 0.6416015625 0.9228515625 0.6513671875 0.912109375 0.6513671875 0.900390625 0.634765625 0.8515625 0.6220703125 0.82421875 0.6162109375 0.8212890625 0.603515625 0.82421875 0.5986328125 0.8310546875 0.599609375 0.8486328125
6 0.6572265625 0.9990234375 0.69140625 0.9990234375 0.671875 0.9375 0.6611328125 0.9208984375 0.6494140625 0.9228515625 0.63671875 0.9326171875 0.63671875 0.9453125 0.6572265625 0.9990234375
6 0.453125 0.9013671875 0.462890625 0.9013671875 0.498046875 0.8896484375 0.521484375 0.8798828125 0.5244140625 0.873046875 0.515625 0.8505859375 0.4794921875 0.8505859375 0.46875 0.861328125 0.4423828125 0.8662109375 0.44140625 0.876953125 0.453125 0.9013671875
6 0.4873046875 0.96875 0.5380859375 0.943359375 0.5517578125 0.9404296875 0.5615234375 0.931640625 0.5625 0.92578125 0.55078125 0.9033203125 0.525390625 0.904296875 0.5205078125 0.9140625 0.5087890625 0.9228515625 0.486328125 0.9345703125 0.4716796875 0.9365234375 0.4775390625 0.9599609375 0.4873046875 0.96875
6 0.4912109375 0.9990234375 0.53515625 0.9990234375 0.5654296875 0.9833984375 0.5693359375 0.9775390625 0.560546875 0.951171875 0.552734375 0.9453125 0.5361328125 0.9462890625 0.5 0.962890625 0.4853515625 0.970703125 0.4912109375 0.9990234375
6 0.3173828125 0.9990234375 0.380859375 0.9990234375 0.376953125 0.990234375 0.3349609375 0.9677734375 0.3203125 0.9677734375 0.3115234375 0.98046875 0.310546875 0.9912109375 0.3173828125 0.9990234375